34795887 8568253
24323671 623187
24509913 8801166
13758368 8002861
8584971 3848229
23934133 4694782
565163 565359
23934164 4318804
359351 1408428
32769974 6186072
6513610 2985481
31867682 6170194
23934090 5067876
8826345 8826395
31038908 815021
31770028 2939077
19860431 2228184
21452126 7108363
23934156 8109297
29163139 8928715
38481468 4021266
29145291 3411337
19805474 8817614
21469444 1715624
23934095 8483173
25429937 3128294
23934175 6726206
24893630 9516490
23934900 5636942
25692347 4224159
34867996 8085610
34418044 9233937
5757951 659235
6710474 2704946
23934025 6790761
32501860 10911235
23934045 7182545
23934044 7315071
35321030 1312139
21677612 5974624
3402701 4430849
23934136 7153023
24893630 9056171
36427017 3824956
1925244 2342620
22127106 10960311
23934172 2163466
23934175 7483367
23934094 7216887
23934096 1979555
23934177 10144876
23934110 9709853
25338917 9323640
4873154 4872736
1708837 1708616
23932071 10378496
23932899 3350755
1344637 1344639
22303876 2161904
23934131 4154615
9695716 9099628
13056762 6827184
23934035 9508479
32056705 9987429
21605840 8160316
24909404 10834764
23934043 7597484
23908044 9847358
40499058 9777705
23934026 9515355
23659148 2196477
14344432 6931653
4204444 472270
22163118 2549096
4116577 4116574
21514849 3465683
23501736 10901119
7267745 4318809
23933990 9454959
23934015 9488362
20903357 6342523
23934015 11060279
22552687 10010452
22736495 6146165
34491371 8995747
14305668 7231762
19618304 4577522
23932069 6272629
23648691 7048225
24175072 10925872
23934096 3136234
28938475 517605
41116076 7227497
9522945 9522944
23934142 1183267
5235133 5235134
20874443 7122182
23932901 5085324
23934202 5916532
17844660 8745475
26583603 4408487
23623748 693797
26474691 8773300
21605945 1350578
23932899 2763640
23934176 9554127
23934185 8534080
11150304 5629999
14922692 7455397
27729826 7570509
543057 606214
22558839 8172964
2271714 4181524
988230 988226
32281456 419282
24034216 3507022
13137057 2317639
15493742 2192207
22809530 4243923
11614261 10594714
23934017 4553082
24894839 1930430
38048260 10287917
14181825 666841
37303509 869700
31169066 292094
24894485 10018550
23934174 5502169
34181201 4231596
23004009 10541196
36546457 7337122
23539876 5865381
8783399 2270647
35612191 7350668
23934162 7583285
21425599 1167574
23933999 1515937
20200597 6326397
23934132 7965962
23934145 5932223
22730682 5159793
23934015 8636639
23934029 6476451
40111411 10544765
6285638 6285630
37843321 2834524
31293013 10147168
21619093 2724794
23933989 10468301
41088693 10691191
14427370 9240207
34897195 4694224
23934097 10582668
13180846 1356372
24106766 9919553
32854329 8992865
9007191 9007192
31084118 1786814
26907655 2722957
24891893 3792354
23681873 8429291
21515108 7765128
24731609 5580370
23934200 2426448
28248725 456043
38380939 6986187
23934081 8945509
23659698 9216914
23934179 2158466
37775104 420314
23467876 2666697
23934060 5761598
31668634 1060047
2965623 809432
22740013 2167940
22212767 421837
4761820 2881809
23934082 5503352
22464698 8086585
19992089 9580117
700743 3910904
30964654 1761366
23934196 6252321
23934133 5990757
23934103 1311144
23934028 6455297
23934150 9011695
21861307 1664418
22552229 7603443
23932897 9402458
1631911 1631856
7473191 7473194
23934078 10489440
20502438 2744825
21603091 1552349
36132950 7905307
21484260 973821
23934138 2360696
39801292 1424551
10280939 5388460
4524701 4524686
34320967 4293611
19909395 11013367
23934012 10067614
7037822 10906548
5901458 2262248
15312602 8538555
18112104 961350
41007624 1339725
21626049 1018814
32538871 309542
40643558 2069182
23908044 9161057
23934060 1568075
12726124 10890742
23933989 4106742
23671090 1147047
11897509 7817094
23691500 8832701
23934081 4372522
15771771 10117671
23934154 7996840
2062963 2062962
23934049 10595463
5569925 9911673
20788106 10598290
9134159 9134171
23934115 8550686
4820942 4298350
24426522 8234782
23934039 9582898
23934043 7145519
23934014 9759298
22619766 9289772
21449690 1782579
22456342 1552577
3740605 4902458
2736536 1410635
23660624 91359
23933987 1059550
23934060 10599688
23934184 5499636
156301 156293
30153021 2002376
23934092 7565305
23331074 6530661
18971329 8540540
7026404 7479497
23934040 10506209
23934126 4575515
8006414 3413202
23933999 9986499
33998327 672158
23658543 8923180
23934064 6806934
39026158 2740047
10058269 10057875
19538094 6805585
31097164 7665344
8604934 7607836
3696038 3695935
23653806 5699762
9119875 9119874
23934166 1096701
25857491 5001635
23872812 5338681
23934126 4967410
23934185 7342034
23934096 8321377
2399906 799356
31518781 4706464
23934121 10481775
1866570 1866558
23770923 5645046
23934177 7295070
23934108 8102511
73795 973247
23937213 2740980
6771238 6771285
21621744 2780854
23934032 9129389
7217599 7220192
20157229 3210781
23868955 944641
20922636 2258005
21464834 3023213
23934095 5765105
23933994 9771405
21458060 743447
39757266 6363783
1868450 1868410
1175144 1175128
40995602 5157286
23934117 4449555
15114508 9178796
9650147 4514879
23934202 3291693
23671642 2427369
23934117 7847072
23934050 5751434
23934113 9507539
29185710 9501675
23934045 5487477
23934105 8131466
23934112 3059096
1935752 1936586
26561980 8536921
20075766 10874040
416838 935397
23934168 10321433
21572797 1298156
23934069 9289
26078130 10010054
23934132 10102662
39813786 9549921
16252505 285751
23934032 6573772
24011791 10661836
1706468 3581769
37700644 8125608
23934068 8106517
38350719 4644110
23934130 4465335
7171328 7171327
23671122 3262218
26607361 5440784
23934070 7335288
21522487 10147848
40524202 5065562
30181884 11061960
31803485 6037195
23934111 5374763
23932899 6900908
26161058 6510160
23934070 10041687
23934103 9036011
23934119 5019796
25694443 7414095
25980963 1834522
22877122 9410971
10073577 3404370
23933988 6655055
23934144 8487708
2235305 3933485
23933999 10792075
17573126 3174997
27633288 6453150
10789335 10789328
2481433 2481274
2124730 2124155
22824254 6635497
10664860 9796813
23934202 10295376
4309953 4309951
22552936 8284146
4075870 4133678
40318970 3083152
23934105 5572953
10590521 7254575
40314214 4796047
23934061 7141389
23934011 9198489
23934154 2793039
21616854 1716685
4982190 4982182
23934083 5522423
23934016 10946849
41161968 9148696
27699862 9834761
23934051 6969008
23934044 5354856
23908044 10254398
22562446 3955547
38646366 484985
26182157 9106677
3808089 3808082
5752135 6290429
23934110 2602657
23664647 10187771
23934041 10652977
23260419 10105976
2321342 288617
5695543 1034933
23932071 4056064
23934150 10634499
22941276 10288819
23934055 4800293
20891985 10485405
23934132 1311569
21218885 3137980
23934113 6268290
23934178 5105506
19708637 7944759
5444424 8876747
27577708 4879938
3238806 5184462
9959390 3871527
24892133 2360678
33507291 6957901
23934172 4551285
23933994 9249820
2915173 3685841
23934012 9158185
23934210 5166569
23934190 10278718
23934171 9986114
6484268 10627982
24177874 5366631
30009686 637807
41356909 9791412
38017333 6638999
39161573 6687661
14580484 772377
21488578 5328680
4594361 4163177
24894034 7199888
23934120 7541924
17609864 10906327
6436118 359060
23934186 5529666
23932899 9348749
23934116 8911234
32309968 9627267
10134082 10134057
20987374 1205001
23934181 7768156
23934063 8166492
21228188 5584303
23934024 10091031
23934138 7617544
30920893 10700796
10975472 10975595
27716236 5195015
5942521 2034640
23932901 6829700
35251740 9338899
8387910 10207053
9541821 8862316
28859468 849897
34550031 8984561
1245858 1245866
33021082 2414082
14323744 2029568
23934177 3373099
41519067 8160667
23934133 6166575
22561922 4548692
23934086 7959155
37335772 358084
16940591 7800891
31920353 289126
23934172 8195190
23934082 3668237
4885473 4885409
24893630 6546294
20627832 1495074
12061842 4267035
21517944 10663060
23658795 9195678
23934900 6769403
23934088 7905650
6426085 8020542
4378554 10647607
23934060 4706191
40696648 11117712
20906360 924701
11629876 10221002
39694768 2503425
18777567 2980795
21967782 1365242
23934127 11012780
23934009 6370183
35033577 8862348
23934057 6506454
39105190 2294979
22727988 9006658
24955088 8857528
40808199 10470361
41545099 6195419
7809866 4627263
39111187 8296762
22138284 6089508
7763297 7763298
8082805 7224775
37609 37695
24894091 671070
23932070 4153352
23932894 1276129
9853062 9721791
22339650 2888948
17583828 7783327
27914869 10933821
22893260 1269746
414838 413304
38860731 5707143
23934069 5947266
23934008 6342886
31179977 1506177
23927615 6902139
23933988 7960503
23934118 5535456
33114053 9313556
1280607 2780534
23934048 3991161
23655318 5383639
21372567 748746
22142945 5776211
23934042 9001013
23934139 10876986
9108855 9108856
21500210 9522220
31955717 373584
3645234 10399224
22552231 5806314
23934112 10266928
24290059 181139
23934206 7083762
32872739 5122109
3993282 3993109
23650882 9083711
7503769 7503017
23934107 474630
23934069 3861957
23933991 8123296
36739281 2261565
9810933 2648307
24898322 7105754
21568904 2849139
23934203 5885199
37344957 6329917
30122397 5299544
23934112 7534625
24891385 1691934
23934140 9728244
40824766 5542187
23934076 9792992
21617298 6298574
35786803 10820114
11971702 4414419
35225219 6360762
4294293 4293633
23908045 1214007
21916342 10629595
21685108 10502247
24348654 3072062
23934202 7715716
23934191 10413835
23934055 805984
23934187 7845761
23934189 9610134
23932899 6952625
37744168 9737794
9985348 9985273
23660779 10375686
23934067 9209365
23934002 122200
23934103 10275652
12555021 3720576
32057975 8710773
23838832 6451263
598119 598121
1222960 3197004
23934205 10136339
23934182 5731588
23934098 8972712
16147357 1997896
21806779 2557208
22397606 2401495
21623432 11008706
23934168 7910390
6841182 7226232
23934000 4024353
23934072 10426394
3292754 3292735
20730029 3611397
23934175 7528476
23934206 7963620
23934180 344387
23934104 1399853
28505430 3459114
23934087 8572770
12194563 6273839
23934104 2119720
2122111 2122079
23924913 7739962
23934097 2158817
23934191 8829050
23380949 9597992
21513299 1861796
23934196 3063566
2329352 1806730
23417106 8821535
23934107 10440333
21610968 341777
23934045 5567388
35350505 333974
3451285 10232901
22456655 5898908
23934050 3296415
23934106 3020972
13225709 4678601
23932899 11107092
22546307 3593306
23934137 3572670
6893832 5442423
18490337 3473514
8910734 5010218
32596346 2368297
6361352 6361000
23934073 1472400
21281537 4652161
7089992 10568201
16161110 3810202
23934111 6504308
23934070 10218445
35253794 635736
23934194 9190089
23934006 6026351
23934036 8935529
23934103 9646904
23934128 7670442
23934012 6371899
23934020 10698091
36490720 2624296
22551952 10769113
24032686 4283900
23934048 10504167
12594639 1792728
3240758 3241633
2986191 2985945
12846554 10192114
21555674 2776369
3830423 3830311
23934173 8334281
37688953 9965085
31479293 10250766
2462819 2462014
21477920 830722
13535447 7662295
5491371 5491741
20456 20448
23925565 9567517
11314459 3624056
23934062 8775082
34095536 4697686
5559559 8577268
10437218 2495139
23934006 323071
23658837 6144474
2387669 2386960
23932065 10358093
23633150 1761569
23934128 11053137
23968150 2074072
23934125 6279720
23932901 10683876
15973293 3086512
29370649 3888262
23908044 9769221
4897321 4896732
23934046 1181378
21496116 5143207
18603595 947956
23934022 9807193
21600825 7575025
23934193 7707385
37154651 2354806
23934124 8790372
23932897 7923394
23934002 563096
26197924 4272744
23934158 11071010
23934004 5544017
24893792 3721407
12278654 9737110
847525 847511
20891379 9714326
25163847 9756680
40824638 7970267
23008368 10246843
21486820 8012997
23465365 7717826
35294897 5012164
5587413 4729083
23934121 9907682
186403 186738
7848538 3127423
23934056 3677365
24886592 4833859
40983580 3237924
23934019 6952416
23934061 7638788
23934061 9384348
14635206 4367708
1272823 1271690
23934033 9978661
23934028 1784892
23934189 7141034
24892770 4410755
21573020 5387622
33293865 6712166
7146937 7146938
3733252 3733249
11832981 5624549
21468507 9993239
23934120 4599565
38549080 2068185
23934061 5268271
24893496 4544555
23934068 7023068
23934176 7639906
5283400 5283380
23934025 10221215
3559208 3558870
24542447 1297070
18012959 11057913
19501463 1716551
23934158 3002103
24034546 8293391
16705210 1534976
10867835 8569299
5515770 296351
793266 9488004
23934201 7765879
23934160 2489354
15652662 7975279
17301908 5079860
23934090 2933734
29485777 1000583
22661383 1715685
23934088 6832458
23934050 809192
5571723 5571719
25503634 7050457
23934125 8116083
5526416 5526419
23934045 5224207
23658541 10365309
9980781 8604004
1288187 6677001
41607908 463079
28421350 2495673
27768967 9480565
4407223 8794571
10146891 10148949
15395840 10758454
23091526 6650134
23934132 6527149
6900469 4104536
20237780 10778379
17174635 3244759
41095391 6753661
40973222 5813623
23761248 4632333
21515478 3043428
23932069 10010841
38565229 4606923
25444330 3460256
10544008 10544007
23934137 8595012
21572797 9495812
23934114 1464856
23934119 4493918
21518685 4701462
14901810 5240686
1329648 1329472
3827701 10742146
23934079 8111145
15815328 4485484
22036270 10894460
4559031 2470440
25690047 10147236
25782146 919954
23934126 8681546
11458440 3421159
23934034 3307277
21515711 11057456
21555861 10901258
8409667 8409383
4113793 4113783
36051070 10916441
7950867 1873158
21461437 7718101
23934042 7457915
23934175 9734753
23934139 6225447
545104 544743
29162960 10890422
9295774 9565233
23934138 10565958
6723661 6723659
23934104 7368000
25285148 5919342
6852883 6852910
38537426 5657870
11233691 3283357
23932065 8691926
11224775 10103440
8602077 3955033
23934121 3376373
3478366 3478495
23934098 10298276
9387238 1627879
23934154 613024
41039566 2718587
23659865 10737179
23934168 4986532
21515953 1792268
9692534 9692532
9932353 6415967
23934114 8116584
16490640 4566419
29211565 1062127
41450901 4815290
7200975 7200979
8064610 10951825
21978933 4435416
23934101 8694872
17405373 4411725
38470357 2524163
21064154 1497525
24873806 9321648
26735192 7404416
23934079 1061628
8085910 8085926
23934079 6679125
26308674 1771568
30066549 8840115
23934051 7172030
23934115 9724290
24901948 10996078
8257938 7060018
23419215 7485581
20398160 9891540
23656571 3692479
36056062 7367133
23934030 1175625
23934147 10955057
29560869 2759238
21515915 7309757
21523092 8739931
23934154 10051634
23577759 9399106
12942699 2563814
35311795 2283286
23934186 6346461
2802748 2802563
23932068 9392451
25849261 6160770
29470544 5157985
23934144 10778406
19889618 10147783
23688443 8844308
23934020 8112199
40741126 7345016
21512215 4729266
23934198 4538749
38892618 10440097
11356974 6906746
19516331 1512807
15595370 924387
28772845 6615798
22872212 824196
556928 1772401
37690872 1380854
34160064 8562985
7682031 9088308
23191313 10285135
33723377 1624178
21617339 10793896
23934203 7730086
19365019 6087880
10106700 9923650
23934047 10737056
24165722 11025818
16202508 9435435
6232193 9752844
23934044 8112987
32940493 1584191
23934135 3886023
16282199 9594817
21575802 5179422
8629572 8629556
21863708 5149229
21572798 3874092
40297597 6995772
23934125 9964267
38920929 10852343
23932900 4041746
21491888 4187044
23934025 10151202
41415554 4550909
284759 208435
23932068 5014803
7393654 7393655
5462875 3324914
7218941 10374528
29171824 10854045
24499131 9964389
26371399 3794490
22551946 5394293
33147899 3489121
29082219 6264599
8901058 8899956
24208353 1602688
1929378 1535554
23934089 5089139
23934071 3017468
23960550 7143381
23671653 2526561
23934173 4514560
23934169 3309529
23908044 4223697
21606176 5584327
20017668 1527998
5433115 5433113
40756165 6427348
23934089 4150210
14097582 5865861
16365378 7491849
24893774 7553040
23937213 10488046
23934006 6082239
9348792 9348793
296743 1933806
15513357 4035696
23934147 4178709
39952954 4072096
21452785 2952872
23934142 1786652
16014138 9194488
2025887 2025933
17331164 6683377
35348314 3328110
23934040 10300936
23934132 7590382
1634990 1634645
11426886 10091033
23651484 4655882
23934122 5210872
23934014 768801
23934010 3474774
23934003 5352365
23933998 10739796
23934023 10136903
20941306 5034409
11460338 632074
12109381 6186415
19490155 3276265
37699503 5273975
23934163 6513689
23934067 10669457
23443126 10714194
757512 757608
23934159 7969059
40519939 10836821
25031738 7428395
39070060 10269114
20906310 4624758
16461669 1961621
23934106 8541349
2472183 2472116
9567954 9567511
20973851 10485604
28840248 1786442
4930501 3406842
4879681 3677293
23934102 8661326
27174427 1616788
21084755 8900009
20908194 5435327
7068783 7068779
23934144 5403093
25402690 9757885
23934132 4000917
9920355 9066463
23934083 9688753
23934075 5029591
23184818 1365894
21616704 10420639
27664330 3230323
23934135 10526229
23934145 4298348
35926040 13366
22861414 10358045
23934048 9293117
23934143 8569249
25694499 215651
23661165 5357005
30759563 6724363
23934075 4611583
13846380 3828034
23442027 8141581
23934100 6387426
40145414 10944059
36299499 3492142
23933987 6092667
24748661 1034486
5369309 8027426
35972450 4230125
